   1            "b"  563  2011.592896 1067.457520 1153.350098
   2            "d" 1019  3407.011475 3070.184570 2244.058838
   3            "f"  384  1055.035034 3006.309326 1578.655151
   4            "g"  139  369.049011 321.749969 354.563477
   5            "k"  612  2429.430176 2066.420166 1910.880371
   6            "l"  360  1359.048706 1222.545532 1209.562256
   7            "m"  528  2685.709717 1416.989258 1029.789429
   8            "n" 1471  7215.305664 5010.928711 3600.455566
   9            "p"  584  3393.040283 1651.346680 1586.191040
  10            "r" 1316  3681.053955 3325.901367 4335.291016
  11            "s" 1492  5024.583496 13667.439453 6919.693359
  12            "t" 1143  5825.656738 5430.902344 2583.342529
  13            "v"  252  1288.443237 621.567871 465.805817
  14            "w"  288  1210.842651 1495.779663 1385.838257
  15            "y"  607  2159.845703 3885.000488 1884.504517
  16            "z"  184  718.431335 1148.745850 797.401733
  17           "aa" 1004  5534.194336 15230.791016 4937.937988
  18           "ae"  260  729.593201 2674.578857 1052.110840
  19           "ah"  100  267.774567 804.201843 363.777618
  20           "ao"  124  454.023529 1434.486694 761.775452
  21           "aw"   48  221.282715 696.054932 392.527100
  22           "ax" 1039  2103.626709 5015.084473 2222.745605
  23           "ay" 1022  4703.986328 13695.854492 9915.194336
  24           "ch"  403  2076.382568 3224.507080 2206.449463
  25           "dh"   28   43.163296 117.178009  71.866501
  26           "dx"  104  244.556992 185.842316 197.019302
  27           "eh" 2207  8254.406250 22057.244141 7896.312500
  28           "el"  791  5846.747559 6819.468750 4331.474609
  29           "er"   52  223.655441 503.014740 206.090546
  30           "ey" 1723  6571.715820 25428.875000 9232.480469
  31           "hh"   72  144.393768 314.862488 208.846909
  32           "ih"  256  573.600647 1564.465576 674.678467
  33           "iy" 4182  12764.921875 55532.878906 26552.458984
  34           "jh"  407  1784.442505 2098.353760 1216.923828
  35           "ng"   88  380.007507 472.679871 268.561859
  36           "ow"  894  4336.334961 12110.387695 5339.121094
  37           "oy"   12  115.207130  62.249630 101.442505
  38           "sh"  108  367.270111 984.822021 408.791412
  39           "sp"  354  1614.393311
  40           "th"   48  158.080856 220.734406 118.332947
  41           "uh"   40  165.409256 284.041656 140.377274
  42           "uw"  687  3096.606445 2990.658203 3003.201416
  43           "zh"   16   80.001770  68.624352  61.442471
  44          "axr"  240  2148.216797 940.845337 1091.820312
  45          "sil" 7194  31875.562500 14113.074219 26481.662109
