   1            "b"  563  1912.341187 1487.173340 971.348694
   2            "d" 1019  3864.049072 2799.661377 2091.366699
   3            "f"  384  1340.654785 2630.709717 1703.871094
   4            "g"  139  392.255951 315.684814 360.181976
   5            "k"  612  2669.971924 1740.135498 2350.996338
   6            "l"  360  1450.382568 1147.332397 1312.976685
   7            "m"  528  2714.847412 1781.723999 1379.178955
   8            "n" 1471  6810.190918 5659.175293 4085.724365
   9            "p"  584  3444.956543 1918.076294 1508.795654
  10            "r" 1316  4844.802246 4082.676758 4960.494141
  11            "s" 1492  6091.425293 13780.470703 6515.728516
  12            "t" 1143  5970.196777 5220.780762 2849.550537
  13            "v"  252  1273.585815 793.347046 437.805115
  14            "w"  288  1146.254517 1698.952881 1633.397217
  15            "y"  607  2559.916992 3349.208984 2099.927734
  16            "z"  184  809.249207 1181.233398 656.367432
  17           "aa" 1004  6001.492188 11097.479492 7173.842773
  18           "ae"  260  844.791504 2296.575439 1030.370239
  19           "ah"  100  215.556580 699.609192 341.645264
  20           "ao"  124  492.663605 1231.482056 729.068726
  21           "aw"   48  198.350800 652.316589 403.785431
  22           "ax" 1039  2331.143311 3714.280029 2238.362305
  23           "ay" 1022  5844.057129 12980.684570 9167.584961
  24           "ch"  403  2348.899658 3351.613770 2240.823242
  25           "dh"   28   46.671722 120.966827  53.473957
  26           "dx"  104  252.992935 183.866470 200.306229
  27           "eh" 2207  10081.523438 18119.130859 7543.780762
  28           "el"  791  6489.246094 6499.343750 4729.682129
  29           "er"   52  219.554001 469.409271 201.828964
  30           "ey" 1723  8057.943848 21471.923828 9182.586914
  31           "hh"   72  185.115402 314.263824 152.558563
  32           "ih"  256  585.422729 1222.536499 649.013000
  33           "iy" 4182  15922.833984 52450.445312 26517.382812
  34           "jh"  407  1682.127441 2044.482666 1411.427368
  35           "ng"   88  373.709900 467.295990 232.621170
  36           "ow"  894  5396.010254 10518.202148 6338.778320
  37           "oy"   12  112.326065  49.417030 109.730873
  38           "sh"  108  470.816895 908.502930 436.980011
  39           "sp"  354  1668.059204
  40           "th"   48  168.848175 219.168320 126.808952
  41           "uh"   40  148.508270 250.269760 139.914993
  42           "uw"  687  2814.153076 3355.935547 2817.633545
  43           "zh"   16   81.623306  72.217598  61.795303
  44          "axr"  240  1932.923706 1145.576904 1058.667480
  45          "sil" 7194  30152.835938 19276.490234 23861.525391
