   1            "b"  173  576.927917 333.046753 346.810486
   2            "d"  299  1017.717773 902.891846 729.596130
   3            "f"   99  262.918671 676.721985 395.744110
   4            "g"   38   97.089584  93.806351  79.354774
   5            "k"  170  619.870239 705.327026 551.055786
   6            "l"  113  405.027252 394.155579 401.439606
   7            "m"  156  871.796570 476.619720 366.828003
   8            "n"  392  2215.963867 1359.464722 944.024719
   9            "p"  169  877.805542 483.254883 491.232025
  10            "r"  369  1040.481079 1029.379639 1432.528809
  11            "s"  399  1298.161255 3736.031006 1989.381470
  12            "t"  322  1575.459351 1701.985474 735.360107
  13            "v"   84  510.937317 181.133652 143.595825
  14            "w"   88  306.837616 458.160248 418.948242
  15            "y"  184  773.987732 1358.003540 643.428406
  16            "z"   65  225.415436 418.326813 265.392151
  17           "aa"  277  1624.092651 4370.393555 1367.011108
  18           "ae"   65  176.763992 786.707458 265.654968
  19           "ah"   32   82.504753 335.751190 130.015808
  20           "ao"   28   96.483559 356.606995 135.544342
  21           "aw"   17   77.338142 284.077087 155.283936
  22           "ax"  310  653.353149 1722.262817 751.739563
  23           "ay"  298  1281.956665 4183.704102 3385.514404
  24           "ch"  120  644.668518 962.034485 686.739014
  25           "dh"   10   12.760111  61.047657  26.348671
  26           "dx"   27   72.435120  59.195339  73.851334
  27           "eh"  611  2771.455078 6602.299805 2392.787842
  28           "el"  240  1928.575806 2266.066895 1524.945801
  29           "er"   16   69.977242 153.455063  67.313789
  30           "ey"  519  2097.144531 8086.010254 3150.396484
  31           "hh"   24   50.018902 116.807320  68.970779
  32           "ih"   68  139.195374 496.893158 201.158340
  33           "iy" 1199  3873.885742 17851.791016 7583.567383
  34           "jh"  112  460.622803 568.729370 364.236755
  35           "ng"   27  126.636070 125.704155  93.331398
  36           "ow"  265  1262.701172 3740.916260 1721.772949
  37           "oy"    4   31.687023  19.946211  34.017860
  38           "sh"   30   89.187477 284.289398  91.848289
  39           "sp"  166  726.593140
  40           "th"   18   56.768463  82.791634  37.495235
  41           "uh"    9   36.235886  69.670837  32.746395
  42           "uw"  209  952.624756 730.959351 845.527039
  43           "zh"    6   27.883135  25.141876  17.991980
  44          "axr"   61  567.557800 244.178513 240.399719
  45          "sil" 2096  9866.474609 3893.322510 4774.697754
