   1            "b"  563  2198.821533 1309.976929 1156.052734
   2            "d" 1019  3602.520996 2828.852051 2144.441162
   3            "f"  384  1171.839722 2886.960693 1483.032471
   4            "g"  139  384.567169 307.367279 382.697998
   5            "k"  612  2676.329590 1802.346313 2228.612061
   6            "l"  360  1408.869751 1239.671875 1176.849243
   7            "m"  528  2657.741699 1719.212769 1100.978027
   8            "n" 1471  7187.704590 5424.873535 3683.025391
   9            "p"  584  3552.554688 1700.035645 1617.664795
  10            "r" 1316  3930.046631 3277.937500 4332.906250
  11            "s" 1492  5887.081055 13397.207031 6122.296875
  12            "t" 1143  6059.165527 5372.535645 2462.021729
  13            "v"  252  1298.441284 676.248108 491.370544
  14            "w"  288  1163.826050 1587.733154 1520.480469
  15            "y"  607  2125.626465 3778.061768 1837.206177
  16            "z"  184  803.667480 1154.710327 727.406616
  17           "aa" 1004  6058.920410 12295.351562 7294.499512
  18           "ae"  260  761.200928 2475.019043 1104.225830
  19           "ah"  100  241.719833 754.996582 352.803223
  20           "ao"  124  476.574005 1303.292114 809.221375
  21           "aw"   48  215.574966 655.959961 407.952545
  22           "ax" 1039  2264.257568 4457.291504 2055.095703
  23           "ay" 1022  5776.374023 13128.883789 9648.749023
  24           "ch"  403  2215.807617 3260.704834 2147.703613
  25           "dh"   28   45.841980 115.437012  62.385269
  26           "dx"  104  256.744080 186.652710 223.079056
  27           "eh" 2207  8747.386719 19935.738281 7877.703613
  28           "el"  791  6088.066406 6714.607910 4215.411133
  29           "er"   52  242.680389 482.670593 207.781525
  30           "ey" 1723  7965.919434 23409.703125 9217.504883
  31           "hh"   72  161.196396 302.838715 187.176727
  32           "ih"  256  577.105896 1491.997559 600.077881
  33           "iy" 4182  13370.020508 54105.406250 26148.048828
  34           "jh"  407  1684.527954 2081.237793 1242.451416
  35           "ng"   88  335.920715 508.775665 263.400909
  36           "ow"  894  5319.694336 11036.625977 5938.880371
  37           "oy"   12  112.202461  56.484703 103.980156
  38           "sh"  108  438.113373 936.279175 400.882721
  39           "sp"  354  1593.760132
  40           "th"   48  170.734818 221.781326 118.143250
  41           "uh"   40  162.990112 272.997009 140.171066
  42           "uw"  687  2995.649902 3064.323486 3138.734619
  43           "zh"   16   80.721863  71.618111  60.324615
  44          "axr"  240  2107.990967 952.189941 1050.184814
  45          "sil" 7194  33347.726562 16643.599609 24467.720703
