   1            "b"  563  1949.110107 1467.229980 977.165649
   2            "d" 1019  3735.311279 2860.537842 2223.782715
   3            "f"  384  1276.510376 2587.678711 1692.057861
   4            "g"  139  393.072418 329.644836 357.337555
   5            "k"  612  2646.897461 1704.047729 2341.785400
   6            "l"  360  1473.063843 1130.332764 1314.300415
   7            "m"  528  2681.083740 1795.875000 1345.621216
   8            "n" 1471  6889.292480 6095.670898 3694.268066
   9            "p"  584  3391.422119 1925.902100 1542.510742
  10            "r" 1316  4367.429199 3670.042969 4757.577637
  11            "s" 1492  6078.363281 13434.476562 6779.135254
  12            "t" 1143  5880.448242 5451.679199 2665.373047
  13            "v"  252  1216.457642 786.852966 454.610260
  14            "w"  288  1154.110474 1737.401855 1722.702271
  15            "y"  607  2594.168457 3193.687012 2178.515625
  16            "z"  184  801.280151 1180.821289 656.931580
  17           "aa" 1004  6402.251953 10933.443359 8083.871094
  18           "ae"  260  821.562927 2312.661133 1042.436646
  19           "ah"  100  256.808594 680.861389 346.309570
  20           "ao"  124  513.567932 1239.515991 740.622131
  21           "aw"   48  198.537827 667.718079 405.598175
  22           "ax" 1039  2382.196045 3627.697510 2236.206787
  23           "ay" 1022  6275.686523 12966.939453 8939.415039
  24           "ch"  403  2372.184814 3190.734375 2216.322021
  25           "dh"   28   59.087936 108.087524  75.572380
  26           "dx"  104  249.729019 204.677994 216.698746
  27           "eh" 2207  10972.644531 17929.607422 7723.105469
  28           "el"  791  6632.075195 6468.233887 4672.796387
  29           "er"   52  251.081833 449.713318 214.026962
  30           "ey" 1723  9248.927734 20761.519531 9994.265625
  31           "hh"   72  195.235428 278.154144 195.771286
  32           "ih"  256  592.100159 1239.968506 670.255188
  33           "iy" 4182  15167.060547 53662.097656 26054.708984
  34           "jh"  407  1740.662476 2054.607178 1422.813354
  35           "ng"   88  358.810364 460.452393 269.946960
  36           "ow"  894  5644.663574 10361.958008 6452.947266
  37           "oy"   12  102.075829  75.783195  94.085899
  38           "sh"  108  469.818207 899.427185 451.228729
  39           "sp"  354  1618.969604
  40           "th"   48  174.362411 214.329346 124.147064
  41           "uh"   40  147.364807 265.377625 138.394073
  42           "uw"  687  2932.375732 3256.089844 2797.691162
  43           "zh"   16   82.078079  79.857796  60.685421
  44          "axr"  240  1953.712158 1109.421509 1078.241699
  45          "sil" 7194  29462.716797 18671.386719 22501.775391
