   1            "b"  173  593.621948 427.040497 288.148102
   2            "d"  299  1057.424561 975.066528 590.737854
   3            "f"   99  314.153717 659.808533 379.125763
   4            "g"   38  102.292030  93.538193  71.709877
   5            "k"  170  647.201721 620.575256 679.185913
   6            "l"  113  410.317200 450.133270 429.607666
   7            "m"  156  943.500732 517.311523 393.696655
   8            "n"  392  2312.708008 1316.686401 1072.466797
   9            "p"  169  890.690796 501.207947 521.636902
  10            "r"  369  1480.987793 1137.162964 1342.416016
  11            "s"  399  1565.775269 3718.841553 1993.002686
  12            "t"  322  1625.651123 1675.761841 719.212646
  13            "v"   84  468.219147 208.049759 139.241760
  14            "w"   88  320.339417 583.399170 426.493347
  15            "y"  184  738.200623 1343.975586 603.078979
  16            "z"   65  196.498352 440.332947 256.563385
  17           "aa"  277  1700.343140 3371.732910 1838.354980
  18           "ae"   65  157.917343 735.812195 268.722260
  19           "ah"   32   72.407074 303.088959 108.829048
  20           "ao"   28   78.607895 329.303772 134.768143
  21           "aw"   17   79.141327 262.467224 142.428802
  22           "ax"  310  847.786926 1391.187744 633.336243
  23           "ay"  298  1833.286133 3878.744873 3102.096680
  24           "ch"  120  633.870300 1028.655273 567.168518
  25           "dh"   10   21.228853  48.070438  26.781425
  26           "dx"   27   74.966133  60.383762  53.444729
  27           "eh"  611  3228.088135 5659.983887 2365.460693
  28           "el"  240  2151.422119 2379.971924 1346.352905
  29           "er"   16   69.358078 161.591354  59.844055
  30           "ey"  519  2674.942627 6954.065918 3304.968506
  31           "hh"   24   68.517235  86.251472  68.172310
  32           "ih"   68  109.580780 499.266663 162.679749
  33           "iy" 1199  5027.500488 16946.855469 6779.637207
  34           "jh"  112  462.347015 536.901489 381.633606
  35           "ng"   27  128.535629 123.547142  64.749176
  36           "ow"  265  1631.366821 3473.956787 1657.669189
  37           "oy"    4   31.911734  19.932760  33.068188
  38           "sh"   30   84.101456 291.562134  71.141891
  39           "sp"  166  507.657318
  40           "th"   18   54.599041  81.779579  39.506138
  41           "uh"    9   41.855232  58.510609  31.266481
  42           "uw"  209  999.757324 684.188904 862.250427
  43           "zh"    6   26.414280  26.006790  17.925793
  44          "axr"   61  569.643250 248.391525 172.712494
  45          "sil" 2096  9034.624023 5329.183105 5567.177246
