   1            "b"  563  2011.594604 1067.458496 1153.322998
   2            "d" 1019  3407.060059 3070.189209 2244.067383
   3            "f"  384  1055.030396 3006.301270 1578.626953
   4            "g"  139  369.045532 321.749817 354.568787
   5            "k"  612  2429.436768 2066.425781 1910.881958
   6            "l"  360  1359.037720 1222.425537 1209.546509
   7            "m"  528  2685.710205 1416.981323 1029.784180
   8            "n" 1471  7215.305176 5010.933594 3600.479980
   9            "p"  584  3393.044434 1651.344727 1586.183105
  10            "r" 1316  3681.043701 3325.890381 4335.301758
  11            "s" 1492  5024.584961 13667.452148 6919.765625
  12            "t" 1143  5825.668945 5430.894043 2583.323486
  13            "v"  252  1288.445190 621.567749 465.808258
  14            "w"  288  1210.847290 1495.781128 1385.838135
  15            "y"  607  2159.845215 3884.996338 1884.516968
  16            "z"  184  718.433838 1148.748535 797.406921
  17           "aa" 1004  5534.222656 15230.792969 4937.949219
  18           "ae"  260  729.601196 2674.577881 1052.110840
  19           "ah"  100  267.774902 804.201843 363.777496
  20           "ao"  124  454.024170 1434.487427 761.775146
  21           "aw"   48  221.269455 696.055969 392.521210
  22           "ax" 1039  2101.053955 5013.579102 2222.774414
  23           "ay" 1022  4704.038086 13695.849609 9915.176758
  24           "ch"  403  2076.391846 3224.507080 2206.452881
  25           "dh"   28   49.982784 115.652199  71.650955
  26           "dx"  104  244.556183 185.841766 197.009644
  27           "eh" 2207  8254.455078 22057.238281 7896.775391
  28           "el"  791  5846.759277 6819.469727 4331.467773
  29           "er"   52  223.655594 502.790405 205.987610
  30           "ey" 1723  6571.717285 25430.679688 9233.048828
  31           "hh"   72  144.392700 314.860077 208.846863
  32           "ih"  256  573.601318 1564.466431 674.678223
  33           "iy" 4182  12764.916992 55533.007812 26552.339844
  34           "jh"  407  1784.448120 2098.354736 1216.911865
  35           "ng"   88  380.009583 472.679230 268.563538
  36           "ow"  894  4336.340332 12110.391602 5339.123535
  37           "oy"   12  112.524902  65.983070 100.475075
  38           "sh"  108  367.268524 984.818909 408.780457
  39           "sp"  354  1614.396118
  40           "th"   48  158.081253 220.734329 118.333084
  41           "uh"   40  165.409241 284.041565 140.377228
  42           "uw"  687  3096.606201 2990.652832 3003.203613
  43           "zh"   16   77.871185  68.202263  65.309982
  44          "axr"  240  2148.446533 940.795410 1091.829468
  45          "sil" 7194  31871.572266 14112.817383 26480.798828
