   1            "b"  563  2213.054932 1311.118652 1132.553101
   2            "d" 1019  3593.807861 2849.193604 2112.128174
   3            "f"  384  1169.257202 2882.668945 1438.663330
   4            "g"  139  379.173370 307.206055 382.094543
   5            "k"  612  2649.856934 1804.463867 2218.194824
   6            "l"  360  1407.511963 1239.091553 1173.124756
   7            "m"  528  2646.683838 1717.316895 1084.932861
   8            "n" 1471  7159.508789 5386.188477 3628.969971
   9            "p"  584  3553.156494 1700.113647 1615.972168
  10            "r" 1316  3902.438965 3215.457275 4308.765137
  11            "s" 1492  5922.328613 13373.537109 6144.115234
  12            "t" 1143  6130.316406 5378.399902 2435.787842
  13            "v"  252  1290.731201 680.339600 500.461212
  14            "w"  288  1162.636230 1586.800659 1517.405151
  15            "y"  607  2124.669922 3777.555664 1838.969238
  16            "z"  184  797.555786 1154.866211 725.020508
  17           "aa" 1004  6174.440918 12313.383789 7471.300781
  18           "ae"  260  760.766113 2475.123535 1102.594971
  19           "ah"  100  247.621841 751.141602 352.422729
  20           "ao"  124  475.642426 1303.127686 808.435303
  21           "aw"   48  214.297684 657.411377 408.218933
  22           "ax" 1039  2249.395020 4557.694336 2008.530396
  23           "ay" 1022  5853.224121 13127.870117 9597.939453
  24           "ch"  403  2213.093506 3260.390381 2117.209717
  25           "dh"   28   51.817921 111.712662  73.041885
  26           "dx"  104  258.050812 184.901978 229.471085
  27           "eh" 2207  8790.186523 19945.351562 7917.189941
  28           "el"  791  6085.198730 6635.117676 4273.864258
  29           "er"   52  246.903412 475.677002 212.679749
  30           "ey" 1723  8079.268066 23388.115234 9132.781250
  31           "hh"   72  167.896423 296.976654 190.125366
  32           "ih"  256  577.156189 1492.537231 598.174438
  33           "iy" 4182  13322.583008 55720.246094 24345.666016
  34           "jh"  407  1688.655273 2082.112793 1242.522827
  35           "ng"   88  334.380249 500.479614 273.567810
  36           "ow"  894  5380.863281 11041.750977 5988.611816
  37           "oy"   12  104.828705  73.229477  96.940140
  38           "sh"  108  436.673706 936.366150 401.278625
  39           "sp"  354  1575.778931
  40           "th"   48  171.707153 216.988327 123.922447
  41           "uh"   40  166.149689 271.109131 142.251236
  42           "uw"  687  2997.352539 3061.744629 3078.345459
  43           "zh"   16   86.505592  72.957481  62.674015
  44          "axr"  240  2102.364014 952.583984 1054.098267
  45          "sil" 7194  33474.085938 16463.021484 24577.474609
