   1            "b"  173  611.692810 428.275696 317.159058
   2            "d"  299  1044.960571 946.083740 598.694031
   3            "f"   99  309.766144 661.877625 387.114777
   4            "g"   38   99.167305  92.476601  70.817863
   5            "k"  170  653.707581 667.401001 627.302917
   6            "l"  113  423.389404 436.928650 438.017395
   7            "m"  156  933.283264 527.270752 372.705872
   8            "n"  392  2247.131836 1431.765869 1022.024658
   9            "p"  169  883.609802 492.612823 511.424347
  10            "r"  369  1371.072876 1111.810303 1454.555298
  11            "s"  399  1550.551392 3636.424072 2040.360107
  12            "t"  322  1615.410645 1685.880737 686.575439
  13            "v"   84  487.393677 201.086395 143.500534
  14            "w"   88  328.350922 570.519653 422.283203
  15            "y"  184  720.762512 1304.929077 628.328796
  16            "z"   65  200.741135 437.856506 251.800705
  17           "aa"  277  1745.427490 3515.377930 1842.067383
  18           "ae"   65  159.237442 742.319397 267.747498
  19           "ah"   32   70.660019 308.738464 113.177505
  20           "ao"   28   80.745056 326.959991 136.332169
  21           "aw"   17   81.555779 270.587280 138.811157
  22           "ax"  310  816.096558 1456.370605 646.613220
  23           "ay"  298  1701.085815 3923.752441 3117.385986
  24           "ch"  120  636.206238 1034.340210 577.591492
  25           "dh"   10   21.459106  50.940102  25.770639
  26           "dx"   27   73.247093  59.171135  57.268272
  27           "eh"  611  3146.433594 5809.954102 2237.525146
  28           "el"  240  2105.210938 2301.242920 1458.788696
  29           "er"   16   69.728607 160.417740  60.073837
  30           "ey"  519  2389.848145 7228.591797 3129.435547
  31           "hh"   24   63.251900  89.787064  68.751381
  32           "ih"   68  111.243034 496.165710 171.361221
  33           "iy" 1199  4688.828613 17178.380859 7298.622070
  34           "jh"  112  450.045593 546.889465 381.625916
  35           "ng"   27  129.588959 123.620056  65.315819
  36           "ow"  265  1670.666504 3439.052002 1664.624023
  37           "oy"    4   31.905590  19.932728  33.067894
  38           "sh"   30   86.350235 291.771027  71.670082
  39           "sp"  166  565.999939
  40           "th"   18   55.853962  81.174049  38.607708
  41           "uh"    9   42.452805  59.935059  32.073074
  42           "uw"  209  999.213745 680.882446 873.312439
  43           "zh"    6   26.911165  26.008026  17.915497
  44          "axr"   61  571.753296 258.707367 177.533279
  45          "sil" 2096  9010.666016 4975.395508 5630.264160
