   1            "b"  563  2052.497314 1455.419800 983.242859
   2            "d" 1019  3795.608643 2792.980469 2154.830566
   3            "f"  384  1229.956055 2636.367676 1612.016724
   4            "g"  139  388.307434 309.340149 363.598358
   5            "k"  612  2574.347168 1740.441528 2266.333496
   6            "l"  360  1444.209839 1191.050659 1212.651367
   7            "m"  528  2665.052979 1771.531250 1188.592041
   8            "n" 1471  6901.248535 5943.769043 3552.278564
   9            "p"  584  3603.710938 1828.699829 1529.690918
  10            "r" 1316  4251.466797 3252.390381 4435.250000
  11            "s" 1492  6060.061035 13399.985352 6533.836426
  12            "t" 1143  6183.358887 5251.645508 2782.271729
  13            "v"  252  1300.652344 742.325073 476.323822
  14            "w"  288  1143.939453 1723.744873 1490.682007
  15            "y"  607  2341.038574 3528.097900 2105.366211
  16            "z"  184  796.740662 1159.659912 706.825500
  17           "aa" 1004  6459.114258 11111.356445 8235.544922
  18           "ae"  260  851.845154 2304.256348 1097.913940
  19           "ah"  100  265.904236 705.459778 351.445648
  20           "ao"  124  515.298096 1234.248657 770.242065
  21           "aw"   48  207.532578 663.792358 399.659332
  22           "ax" 1039  2379.284424 3951.907227 2063.538818
  23           "ay" 1022  6088.821777 13043.692383 9146.023438
  24           "ch"  403  2264.316406 3249.369141 2038.039917
  25           "dh"   28   54.501148 112.968063  71.726807
  26           "dx"  104  251.124847 196.555420 226.695435
  27           "eh" 2207  10313.711914 18709.179688 7663.720703
  28           "el"  791  6507.454102 6295.241699 4706.080078
  29           "er"   52  252.646317 457.090973 209.961365
  30           "ey" 1723  9046.792969 21349.035156 9707.160156
  31           "hh"   72  186.693100 283.840118 191.650742
  32           "ih"  256  600.034912 1307.209106 677.692749
  33           "iy" 4182  14071.340820 55548.371094 23243.722656
  34           "jh"  407  1687.196655 2059.964600 1325.795044
  35           "ng"   88  360.247864 462.691406 272.588318
  36           "ow"  894  5746.224121 10587.120117 6071.928711
  37           "oy"   12  102.842850  75.167595  93.795334
  38           "sh"  108  463.283051 898.431396 439.523956
  39           "sp"  354  1684.706421
  40           "th"   48  174.412460 213.217697 124.741463
  41           "uh"   40  151.285492 273.789276 142.195480
  42           "uw"  687  2794.707031 3233.289062 2808.385986
  43           "zh"   16   83.682602  76.356323  61.574963
  44          "axr"  240  2036.002563 1066.915771 1031.445068
  45          "sil" 7194  30832.265625 17948.744141 25379.080078
