   1            "b"  563  2077.964600 1025.647949 1053.072754
   2            "d" 1019  3518.896240 3444.717529 2535.138672
   3            "f"  384  920.687622 3382.421143 1461.167969
   4            "g"  139  259.549011 370.273224 381.154510
   5            "k"  612  2174.539551 2934.827637 1763.925171
   6            "l"  360  1253.400146 1356.123169 1197.702637
   7            "m"  528  2686.775146 1546.993042 1185.752441
   8            "n" 1471  7758.385742 5456.626465 3363.718506
   9            "p"  584  3160.119385 1620.002930 1711.911377
  10            "r" 1316  3375.174316 3088.372314 3852.320068
  11            "s" 1492  5328.832031 14049.034180 7471.478516
  12            "t" 1143  5760.859863 6472.729004 2642.346191
  13            "v"  252  1196.243408 649.493835 470.343811
  14            "w"  288  1102.481934 1532.278564 1140.717773
  15            "y"  607  1949.598022 4394.222168 1957.706543
  16            "z"  184  669.158630 1124.381348 871.052979
  17           "aa" 1004  4897.040527 16688.156250 4929.198242
  18           "ae"  260  697.400513 2795.547852 1092.958008
  19           "ah"  100  270.066986 850.361816 382.618652
  20           "ao"  124  460.331299 1611.114868 831.734192
  21           "aw"   48  207.267685 768.683167 390.533051
  22           "ax" 1039  1840.077759 6083.598145 2236.686523
  23           "ay" 1022  4068.689941 14758.304688 9820.888672
  24           "ch"  403  2098.210693 3144.297119 2492.202637
  25           "dh"   28   63.397797 133.768539  83.206764
  26           "dx"  104  232.460693 212.223297 205.264481
  27           "eh" 2207  8453.983398 23434.884766 8056.407227
  28           "el"  791  5985.266602 7588.524414 4292.709961
  29           "er"   52  219.212784 523.063599 208.932037
  30           "ey" 1723  5960.877930 26998.123047 9849.565430
  31           "hh"   72  110.514175 419.222961 222.797043
  32           "ih"  256  520.387695 1711.737549 783.194031
  33           "iy" 4182  11707.236328 57557.792969 28284.912109
  34           "jh"  407  1810.287842 2036.857422 1372.623779
  35           "ng"   88  391.487946 471.572205 226.574448
  36           "ow"  894  3944.787109 12931.662109 5705.711426
  37           "oy"   12  121.884399  71.194389  97.489243
  38           "sh"  108  334.524780 1018.971497 462.549805
  39           "sp"  354  1078.295776
  40           "th"   48  151.707321 262.547638 116.013618
  41           "uh"   40  157.401230 321.040161 150.964401
  42           "uw"  687  3038.101807 3444.180664 2838.402832
  43           "zh"   16   65.258987  66.103012  53.516918
  44          "axr"  240  2080.839355 1212.205933 1065.458252
  45          "sil" 7194  27637.121094 10115.114258 20475.933594
