   1            "b"  563  2035.982178 1457.959595 1007.466675
   2            "d" 1019  3819.352783 2822.844238 2159.271729
   3            "f"  384  1237.646729 2640.141113 1705.462158
   4            "g"  139  400.869843 307.633087 367.534302
   5            "k"  612  2744.860596 1761.139282 2300.570557
   6            "l"  360  1466.330322 1191.744873 1214.758179
   7            "m"  528  2696.014648 1758.443237 1230.328247
   8            "n" 1471  6902.981445 5616.037598 3916.176025
   9            "p"  584  3635.808838 1829.918701 1545.962891
  10            "r" 1316  4303.262695 3644.490479 4710.577148
  11            "s" 1492  6074.035156 13607.666016 6264.047363
  12            "t" 1143  5953.329102 5175.784180 2923.614258
  13            "v"  252  1313.471680 745.744568 473.568573
  14            "w"  288  1171.375366 1698.208618 1480.239380
  15            "y"  607  2368.726807 3534.637207 2075.394287
  16            "z"  184  811.802124 1161.000610 702.964478
  17           "aa" 1004  5898.911621 11186.619141 7756.836426
  18           "ae"  260  855.373535 2313.962158 1087.738281
  19           "ah"  100  224.833221 731.717712 346.078186
  20           "ao"  124  509.851257 1234.237671 765.166931
  21           "aw"   48  212.779922 655.917419 396.133698
  22           "ax" 1039  2376.527588 3919.940918 2086.877686
  23           "ay" 1022  5759.492676 13073.366211 9543.029297
  24           "ch"  403  2278.877441 3311.293945 2117.954346
  25           "dh"   28   45.321964 121.689995  56.514351
  26           "dx"  104  256.717407 187.483673 206.237183
  27           "eh" 2207  9278.756836 18931.343750 7529.525879
  28           "el"  791  6451.437988 6496.719238 4607.788574
  29           "er"   52  223.141144 474.868256 204.267105
  30           "ey" 1723  8111.031738 21863.720703 9333.619141
  31           "hh"   72  174.722717 307.803070 168.541168
  32           "ih"  256  593.066467 1300.692261 643.818115
  33           "iy" 4182  14304.785156 52638.109375 26575.414062
  34           "jh"  407  1677.514160 2059.126953 1341.802124
  35           "ng"   88  356.200470 483.361969 246.842056
  36           "ow"  894  5221.007812 10560.352539 6072.209961
  37           "oy"   12  112.492340  51.563774 107.358566
  38           "sh"  108  462.654846 900.265808 433.726959
  39           "sp"  354  1673.252075
  40           "th"   48  171.118317 221.070740 120.700638
  41           "uh"   40  152.590897 262.088074 142.073288
  42           "uw"  687  2781.573486 3254.131836 2983.178711
  43           "zh"   16   81.492531  72.131454  61.249779
  44          "axr"  240  2048.829834 1062.260620 1020.856628
  45          "sil" 7194  31210.378906 18147.697266 26007.828125
