   1            "b"  173  621.229004 405.745667 335.181366
   2            "d"  299  1040.424561 902.409546 629.263855
   3            "f"   99  302.336609 659.341797 389.502380
   4            "g"   38   98.386070  92.276459  74.824898
   5            "k"  170  643.842102 672.885132 576.237793
   6            "l"  113  452.732819 394.087555 438.814606
   7            "m"  156  863.736023 569.389526 341.910065
   8            "n"  392  2222.308350 1467.902100 964.342163
   9            "p"  169  836.944519 486.567902 506.340332
  10            "r"  369  1294.434082 1047.839233 1574.310425
  11            "s"  399  1460.729248 3677.104248 1861.378174
  12            "t"  322  1622.805420 1679.396362 692.936584
  13            "v"   84  512.886902 201.331100 145.675491
  14            "w"   88  343.559998 522.294983 430.809875
  15            "y"  184  770.020020 1260.304810 647.910400
  16            "z"   65  207.425842 433.873779 264.958984
  17           "aa"  277  1746.144775 3710.832275 1822.907104
  18           "ae"   65  163.534653 753.400574 273.472900
  19           "ah"   32   77.268829 318.052032 120.746880
  20           "ao"   28   88.679825 328.953369 141.643768
  21           "aw"   17   82.629097 276.311951 142.970886
  22           "ax"  310  771.456970 1520.326538 687.617798
  23           "ay"  298  1574.302368 4067.513184 3071.670410
  24           "ch"  120  649.137878 1000.392212 613.061218
  25           "dh"   10   20.825525  53.866451  25.669851
  26           "dx"   27   70.828423  58.822926  65.714806
  27           "eh"  611  2791.612793 6186.477539 2274.528320
  28           "el"  240  1939.342896 2276.777344 1540.252563
  29           "er"   16   69.485519 158.140320  61.674839
  30           "ey"  519  2348.981934 7489.268555 2929.468018
  31           "hh"   24   55.879013 100.453140  70.146027
  32           "ih"   68  122.596306 495.716827 177.260437
  33           "iy" 1199  4139.164062 17823.558594 7356.950195
  34           "jh"  112  456.835541 562.307190 385.252197
  35           "ng"   27  125.932045 122.968941  71.299522
  36           "ow"  265  1596.147705 3452.286621 1745.658203
  37           "oy"    4   32.055698  19.935110  33.065666
  38           "sh"   30   88.250122 290.388397  73.616989
  39           "sp"  166  669.966003
  40           "th"   18   56.107052  79.412819  38.496414
  41           "uh"    9   43.049751  61.804840  32.270653
  42           "uw"  209  994.672241 677.266602 858.911804
  43           "zh"    6   26.967098  25.994547  17.948776
  44          "axr"   61  576.824890 256.584106 219.280609
  45          "sil" 2096  10246.999023 4098.734375 5093.862305
